0.000000000000000000e+00,0.000000000000000000e+00,0.000000000000000000e+00,0.000000000000000000e+00
1.000000000000000000e+00,7.445562586600000532e-04,0.000000000000000000e+00,0.000000000000000000e+00
2.000000000000000000e+00,7.215211091100000394e-04,1.374056758674552848e-06,2.218138592316145952e-06
3.000000000000000000e+00,6.936899810099999512e-04,1.290286816172400837e-06,2.082188952705639321e-06
4.000000000000000000e+00,6.686959334300000357e-04,1.192665862976753790e-06,1.924637722535292638e-06
5.000000000000000000e+00,1.006687058099999948e-01,1.108269258129549155e-06,1.788444528024507475e-06
6.000000000000000000e+00,2.006687153499999987e-01,4.474070224580325821e-03,2.323901053681577157e-03
7.000000000000000000e+00,3.006687249900000247e-01,1.334218043526085203e-02,6.843535426765525245e-03
8.000000000000000000e+00,4.006687349199999915e-01,2.662574356747978918e-02,1.359740638832593329e-02
9.000000000000000000e+00,5.006687448800000162e-01,4.432606430858464924e-02,2.259076293379406672e-02
1.000000000000000000e+01,6.006687549900000533e-01,6.644348813522625574e-02,3.382530848118977390e-02
1.100000000000000000e+01,7.006686261300000274e-01,9.297815085863016249e-02,4.730178363533072555e-02
1.200000000000000000e+01,8.006686358600000331e-01,1.239301091123093668e-01,6.302056659430094188e-02
1.300000000000000000e+01,9.006686454800000297e-01,1.592994113800190736e-01,8.098187467937426054e-02
1.400000000000000000e+01,9.999999899000000525e-01,1.990860789454014790e-01,1.011858433154827069e-01
1.500000000000000000e+01,1.000000000000000000e+00,2.432488880241674145e-01,1.236206507433535995e-01
1.600000000000000000e+01,9.999999815300000261e-01,2.856521758538573263e-01,1.465227498856171984e-01
1.700000000000000000e+01,9.999995683800000368e-01,3.264952826913122275e-01,1.697772738115730928e-01
1.800000000000000000e+01,1.000000000000000000e+00,3.659316988719182873e-01,1.933017393065496192e-01
1.900000000000000000e+01,9.999999859699999494e-01,4.040843561815338214e-01,2.170340836567562492e-01
2.000000000000000000e+01,9.999999666900000195e-01,4.410544047389133304e-01,2.409259379377713950e-01
2.100000000000000000e+01,9.000261893700000071e-01,4.754142840669396408e-01,2.664217539516862687e-01
2.200000000000000000e+01,8.000261893900000310e-01,5.027355783031474123e-01,2.900053760140650083e-01
2.300000000000000000e+01,7.000261790599999756e-01,5.232374911039480159e-01,3.115684336718181346e-01
2.400000000000000000e+01,6.000261694699999815e-01,5.371196938160230916e-01,3.310152326737026973e-01
2.500000000000000000e+01,5.000261591900000413e-01,5.445668877214950854e-01,3.482582813475943451e-01
2.600000000000000000e+01,4.000261559600000183e-01,5.457534468306401987e-01,3.632154508037609975e-01
2.700000000000000000e+01,3.000268354399999726e-01,5.408470276047646630e-01,3.758077480013622407e-01
2.800000000000000000e+01,2.000268507600000134e-01,5.300116673447400339e-01,3.859574638794642798e-01
2.900000000000000000e+01,1.000268413899999959e-01,5.134104601461482176e-01,3.935863413980094094e-01
3.000000000000000000e+01,2.683236212399999935e-05,4.912084456095283103e-01,3.986138563588985662e-01
3.100000000000000000e+01,7.229410380300000175e-03,4.635755646444836842e-01,4.009551682129969263e-01
3.200000000000000000e+01,1.072250365299999980e-01,4.371785847261707714e-01,4.025743209087500607e-01
3.300000000000000000e+01,2.072048538300000076e-01,4.176180931232356119e-01,4.052887762143101424e-01
3.400000000000000000e+01,3.072026894800000130e-01,4.047009736831305715e-01,4.092537965896371754e-01
3.500000000000000000e+01,4.070036836600000041e-01,3.982309695983972664e-01,4.146260676472267037e-01
3.600000000000000000e+01,4.580326273599999998e-01,3.979979634060288873e-01,4.215549042583933148e-01
3.700000000000000000e+01,3.948193544399999921e-01,4.008582443778981874e-01,4.292478707944359928e-01
3.800000000000000000e+01,3.157940577500000234e-01,3.998065220735087522e-01,4.355813308479726254e-01
3.900000000000000000e+01,2.736777935799999950e-01,3.940085886757184741e-01,4.401730816347579345e-01
4.000000000000000000e+01,2.733999761800000039e-01,3.858459624945829725e-01,4.436386218334712472e-01
4.100000000000000000e+01,3.229238079599999756e-01,3.793248962455708084e-01,4.453626757707064288e-01
4.200000000000000000e+01,3.718095551400000254e-01,3.762592725515565006e-01,4.475350713693266314e-01
4.300000000000000000e+01,3.964148191099999829e-01,3.764971954384397357e-01,4.502421070891775012e-01
4.400000000000000000e+01,3.972636306699999786e-01,3.783408182840959366e-01,4.532271398598100576e-01
4.500000000000000000e+01,3.845239621400000085e-01,3.801811158163865279e-01,4.561949797840460508e-01
4.600000000000000000e+01,3.694292989199999822e-01,3.811272858318597301e-01,4.589529440292864360e-01
4.700000000000000000e+01,3.585098851899999883e-01,3.810534716743751993e-01,4.614457485969131745e-01
4.800000000000000000e+01,3.536035385799999875e-01,3.802659910782230090e-01,4.637086070624562573e-01
4.900000000000000000e+01,3.526045924000000276e-01,3.791819252693787723e-01,4.658114157541889400e-01
5.000000000000000000e+01,3.531174363599999810e-01,3.780670025152580993e-01,4.678051470511517818e-01
5.100000000000000000e+01,3.532431748100000046e-01,3.770213872248590614e-01,4.697135573902646022e-01
5.200000000000000000e+01,3.528281161899999852e-01,3.760175250307479788e-01,4.715358478637050599e-01
5.300000000000000000e+01,3.518951641299999933e-01,3.750186624299822746e-01,4.732681747805779215e-01
5.400000000000000000e+01,3.507183756100000216e-01,3.739907264762967753e-01,4.749059538383091916e-01
5.500000000000000000e+01,3.496169022799999748e-01,3.729187108698024944e-01,4.764475356876927137e-01
5.600000000000000000e+01,3.487586785999999828e-01,3.718090221596330180e-01,4.778953659996790226e-01
5.700000000000000000e+01,3.482311594399999932e-01,3.706788756388007533e-01,4.792543969858132913e-01
5.800000000000000000e+01,3.479498443199999791e-01,3.695506676139076463e-01,4.805312180723074200e-01
5.900000000000000000e+01,3.478122727299999828e-01,3.684405311153758356e-01,4.817317309331236030e-01
6.000000000000000000e+01,3.477271503300000122e-01,3.673573579324505012e-01,4.828607182398277908e-01
6.100000000000000000e+01,4.338159270099999909e-01,3.705175190062163781e-01,4.797684677162582512e-01
6.200000000000000000e+01,5.309304727000000446e-01,3.802632448026952439e-01,4.770619668524645474e-01
6.300000000000000000e+01,6.166924525000000434e-01,3.972444550710059752e-01,4.749592634070429753e-01
6.400000000000000000e+01,6.537749649299999799e-01,4.203623113644040510e-01,4.736310210847329838e-01
6.500000000000000000e+01,6.463783815900000507e-01,4.456618543012508815e-01,4.731145455997475824e-01
6.600000000000000000e+01,6.162099964599999646e-01,4.696389189233147188e-01,4.733329574890716152e-01
6.700000000000000000e+01,5.756377584099999778e-01,4.905779594907068719e-01,4.741604280398888371e-01
6.800000000000000000e+01,5.321067237700000119e-01,5.077685891875404200e-01,4.754593370167332078e-01
6.900000000000000000e+01,4.901353081600000050e-01,5.210934861372665816e-01,4.770985878109958445e-01
7.000000000000000000e+01,4.508398366199999896e-01,5.307853458361995180e-01,4.789621827889803951e-01
7.100000000000000000e+01,4.120925498699999912e-01,5.371539877923132700e-01,4.809494764988153093e-01
7.200000000000000000e+01,3.762770039800000244e-01,5.403329637066843771e-01,4.829686644978212762e-01
7.300000000000000000e+01,3.471829425899999877e-01,5.406366882292557019e-01,4.849402719592601496e-01
7.400000000000000000e+01,3.262596640100000056e-01,5.386659670509870157e-01,4.868035842375314504e-01
7.500000000000000000e+01,3.132680078599999751e-01,5.351184682386858071e-01,4.885184272595590182e-01
7.600000000000000000e+01,3.072502697699999730e-01,5.306547556944775090e-01,4.900634575833737738e-01
7.700000000000000000e+01,3.065589869099999976e-01,5.258432484528207107e-01,4.914332117931592969e-01
7.800000000000000000e+01,3.095417340500000170e-01,5.211087936397367226e-01,4.926339571574042675e-01
7.900000000000000000e+01,3.147104945799999998e-01,5.167359815653528310e-01,4.936797057177065851e-01
8.000000000000000000e+01,3.208543283599999962e-01,5.128856371575292172e-01,4.945887101265880603e-01
8.100000000000000000e+01,2.386442000500000049e-01,5.053625354415636206e-01,4.995776954299925854e-01
8.200000000000000000e+01,1.616792250599999869e-01,4.927385174124557232e-01,5.029718794507537227e-01
8.300000000000000000e+01,1.309282287100000108e-01,4.754993847694893305e-01,5.047507819284318131e-01
8.400000000000000000e+01,1.449509181899999999e-01,4.567680259774564155e-01,5.055258132978616148e-01
8.500000000000000000e+01,1.785846042900000041e-01,4.394877746648384598e-01,5.059547178350322083e-01
8.600000000000000000e+01,2.111001740900000090e-01,4.248909294973250983e-01,5.063790872127047482e-01
8.700000000000000000e+01,2.347279105199999993e-01,4.128323910829763688e-01,5.068539261784928973e-01
8.800000000000000000e+01,2.488588900200000009e-01,4.026670914246146538e-01,5.073127614516399486e-01
8.900000000000000000e+01,2.574335738799999884e-01,3.937282742715076389e-01,5.076643058402450226e-01
9.000000000000000000e+01,2.640616297999999751e-01,3.856226314879332984e-01,5.078610223789937761e-01
9.100000000000000000e+01,2.710557712200000191e-01,3.782010856939145849e-01,5.079006274419233247e-01
9.200000000000000000e+01,2.789681378600000206e-01,3.714677433992529809e-01,5.078123010903631274e-01
9.300000000000000000e+01,2.873450448500000087e-01,3.654616000876819149e-01,5.076335718526656660e-01
9.400000000000000000e+01,2.953733188200000082e-01,3.601906069325222504e-01,5.073957506374119353e-01
9.500000000000000000e+01,3.025350913400000064e-01,3.556095521416249294e-01,5.071175527798853500e-01
9.600000000000000000e+01,3.086843434200000069e-01,3.516409058714585756e-01,5.068081887985869116e-01
9.700000000000000000e+01,3.139511433700000187e-01,3.481999396852539230e-01,5.064721934689526694e-01
9.800000000000000000e+01,3.185603532199999810e-01,3.452128438404165611e-01,5.061134709124691655e-01
9.900000000000000000e+01,3.226965294899999948e-01,3.426225445919476864e-01,5.057370550245607888e-01
1.000000000000000000e+02,4.226965388500000254e-01,3.403856058381400929e-01,5.053489523788470272e-01
1.010000000000000000e+02,5.226965488700000551e-01,3.499855156006206891e-01,5.011892571920024686e-01
1.020000000000000000e+02,6.226965584500000483e-01,3.669680409645799668e-01,4.977547127737382282e-01
1.030000000000000000e+02,7.226965621700000009e-01,3.911043798049782527e-01,4.952509530190196685e-01
1.040000000000000000e+02,8.226965712899999561e-01,4.221906740835306704e-01,4.938530409277018252e-01
1.050000000000000000e+02,9.226965792700000391e-01,4.600490383940638028e-01,4.937053526975339057e-01
1.060000000000000000e+02,1.000000000000000000e+00,5.045266458885420136e-01,4.949234353022006760e-01
1.070000000000000000e+02,1.000000000000000000e+00,5.537402283909289569e-01,4.975354705726308113e-01
1.080000000000000000e+02,1.000000000000000000e+00,6.016478517207782817e-01,5.013619148643684298e-01
1.090000000000000000e+02,9.999998375599999934e-01,6.483353206380328970e-01,5.062847233653029466e-01
1.100000000000000000e+02,1.000000000000000000e+00,6.938768763616811608e-01,5.122009106215145158e-01
1.110000000000000000e+02,9.999999897200000376e-01,7.383376030414091629e-01,5.190198355447828149e-01
1.120000000000000000e+02,9.999998013499999949e-01,7.817750845198860876e-01,5.266611503937849159e-01
1.130000000000000000e+02,1.000000000000000000e+00,8.242407516528168498e-01,5.350532129214764510e-01
1.140000000000000000e+02,1.000000000000000000e+00,8.657809348291133356e-01,5.441318288204588516e-01
1.150000000000000000e+02,1.000000000000000000e+00,9.064375652086907875e-01,5.538392328086839678e-01
1.160000000000000000e+02,1.000000000000000000e+00,9.462488674433697788e-01,5.641232549157121356e-01
1.170000000000000000e+02,1.000000000000000000e+00,9.852498540462246712e-01,5.749366259309554028e-01
1.180000000000000000e+02,9.999999884900000469e-01,1.000000006468509284e+00,5.860927044839376876e-01
1.190000000000000000e+02,9.999999776300000365e-01,1.000000006468509284e+00,5.970164619427174024e-01
1.200000000000000000e+02,9.999999476900000017e-01,1.000000006468509284e+00,6.076610791795854505e-01
1.210000000000000000e+02,9.999988627700000521e-01,1.000000006468509284e+00,6.381663565160946572e-01
1.220000000000000000e+02,9.999999134100000520e-01,1.000000006468509284e+00,6.679171860584275366e-01
1.230000000000000000e+02,9.000002831300000228e-01,1.000000006468509284e+00,6.969486629204086903e-01
1.240000000000000000e+02,8.000002778600000530e-01,1.000000006468509284e+00,7.231110714750191848e-01
1.250000000000000000e+02,7.000005863999999578e-01,1.000000006468509284e+00,7.464831100366552397e-01
1.260000000000000000e+02,6.000006749599999800e-01,1.000000006468509284e+00,7.671377923538257315e-01
1.270000000000000000e+02,5.000006885700000181e-01,9.948065411121929102e-01,7.850915719792463943e-01
1.280000000000000000e+02,4.000006925299999794e-01,9.839816313921352364e-01,8.003022039141119981e-01
1.290000000000000000e+02,3.000006850699999950e-01,9.676386667702100430e-01,8.127217679575736708e-01
1.300000000000000000e+02,2.000006750699999947e-01,9.458911039719989367e-01,8.223016719808621255e-01
1.310000000000000000e+02,1.000006724399999936e-01,9.188534600083724246e-01,8.289920388489775416e-01
1.320000000000000000e+02,1.021860827099999992e-05,8.866423650773807008e-01,8.327410384591150683e-01
1.330000000000000000e+02,1.023795553699999918e-05,8.493782751120028118e-01,8.334943295413572706e-01
1.340000000000000000e+02,1.000000000000000082e-05,8.129141734089276872e-01,8.334400097989911327e-01
1.350000000000000000e+02,1.000052420699999962e-05,7.772500449205744788e-01,8.325955758892300551e-01
1.360000000000000000e+02,1.001568220500000023e-05,7.423859033204726066e-01,8.309781698579477016e-01
1.370000000000000000e+02,1.039615676699999922e-05,7.083217491405434663e-01,8.286045944657053353e-01
1.380000000000000000e+02,1.016037902599999925e-05,6.750576029471787587e-01,8.254913549841297327e-01
1.390000000000000000e+02,5.944159318799999842e-02,6.425934286039685084e-01,8.216546566781854910e-01
1.400000000000000000e+02,1.587780636299999937e-01,6.143284703499555244e-01,8.184510814138160617e-01
1.410000000000000000e+02,2.587737215199999996e-01,5.946465400232636700e-01,8.146887986513560165e-01
1.420000000000000000e+02,3.586811746299999881e-01,5.825649682060975998e-01,8.114041930562934102e-01
1.430000000000000000e+02,4.301569667299999788e-01,5.778854661927347314e-01,8.087760803619905570e-01
1.440000000000000000e+02,4.842171758100000112e-01,5.783995211334328479e-01,8.067247062524016687e-01
1.450000000000000000e+02,5.128976771300000070e-01,5.827365832254896016e-01,8.052149553018298489e-01
1.460000000000000000e+02,5.235462165399999979e-01,5.889969174485094605e-01,8.041056388426540691e-01
1.470000000000000000e+02,5.268539793400000004e-01,5.958519863745393996e-01,8.032751192665450457e-01
1.480000000000000000e+02,5.241949409999999698e-01,6.027665045420891321e-01,8.026658272693873997e-01
1.490000000000000000e+02,5.173559068299999897e-01,6.093164188521899005e-01,8.022201636104890898e-01
1.500000000000000000e+02,5.085099627400000433e-01,6.152151398669036819e-01,8.018872241204316742e-01
1.510000000000000000e+02,4.996824920399999814e-01,6.203373441676790501e-01,8.016296763819383830e-01
1.520000000000000000e+02,4.919195681999999903e-01,6.247043910727861915e-01,8.014261966518918534e-01
1.530000000000000000e+02,4.856109979600000126e-01,6.284111519289510284e-01,8.012659963565070820e-01
1.540000000000000000e+02,4.806478984700000012e-01,6.315776394900775026e-01,8.011445022000330818e-01
1.550000000000000000e+02,4.766709869999999905e-01,6.343130310663878113e-01,8.010593423088290255e-01
1.560000000000000000e+02,4.733137928700000274e-01,6.366982017976775543e-01,8.010077600251037655e-01
1.570000000000000000e+02,4.703239891900000136e-01,6.387859446635529848e-01,8.009858364505499928e-01
1.580000000000000000e+02,4.675586691199999922e-01,6.406097885976526074e-01,8.009888264485521825e-01
1.590000000000000000e+02,4.649783753200000258e-01,6.421922555460244375e-01,8.010116683601049559e-01
1.600000000000000000e+02,4.625902420899999923e-01,6.435524855839588332e-01,8.010496350155161815e-01
1.610000000000000000e+02,3.627582543999999798e-01,6.384783082954494926e-01,8.072606884854497400e-01
1.620000000000000000e+02,2.627805229699999856e-01,6.277857443035089746e-01,8.109926804431693004e-01
1.630000000000000000e+02,1.895635516799999976e-01,6.116083299664751838e-01,8.121567469338167866e-01
1.640000000000000000e+02,2.311764742999999900e-01,5.916283123246073306e-01,8.112629480289312855e-01
1.650000000000000000e+02,2.835792344499999951e-01,5.745539472872359665e-01,8.108076172468211551e-01
1.660000000000000000e+02,3.110371889799999900e-01,5.609369507977415292e-01,8.110891995743796379e-01
1.670000000000000000e+02,3.186111299500000160e-01,5.492571562753645331e-01,8.116212630011778728e-01
1.680000000000000000e+02,3.198460890700000059e-01,5.383236571305518581e-01,8.120028433387904698e-01
1.690000000000000000e+02,3.244957546900000267e-01,5.277551329756240417e-01,8.121128149256118256e-01
1.700000000000000000e+02,3.314946693799999955e-01,5.177407650940242245e-01,8.120402200836052131e-01
1.710000000000000000e+02,3.397584207400000111e-01,5.084030250701327969e-01,8.118538204278082926e-01
1.720000000000000000e+02,3.496470405600000109e-01,4.997982835718430272e-01,8.116004409264099273e-01
1.730000000000000000e+02,3.570234111400000243e-01,4.920015557014607577e-01,8.113359264463022580e-01
1.740000000000000000e+02,3.630284697300000252e-01,4.848476470504851088e-01,8.110251233393209747e-01
1.750000000000000000e+02,3.686212213100000246e-01,4.782411506996882000e-01,8.106549045588371527e-01
1.760000000000000000e+02,3.744055157499999731e-01,4.721441280896936377e-01,8.102314749368429991e-01
1.770000000000000000e+02,3.802070946300000198e-01,4.665541281873740731e-01,8.097735847871045944e-01
1.780000000000000000e+02,3.856597606800000189e-01,4.614585151740251967e-01,8.092958579594988766e-01
1.790000000000000000e+02,3.905954149399999964e-01,4.568237652174398922e-01,8.088042810520968962e-01
1.800000000000000000e+02,3.950738554700000127e-01,4.526074774778988674e-01,8.083001882848509512e-01
1.810000000000000000e+02,4.946249542400000254e-01,4.552989956061750942e-01,8.013304327636174840e-01
1.820000000000000000e+02,5.946191932000000069e-01,4.652720303713553385e-01,7.951900631619023274e-01
1.830000000000000000e+02,6.946160327899999487e-01,4.823514556080815141e-01,7.900694425501443297e-01
1.840000000000000000e+02,7.946141798200000439e-01,5.063431368437143476e-01,7.861384227346245313e-01
1.850000000000000000e+02,8.946141726199999811e-01,5.370698525466901518e-01,7.835460352743214285e-01
1.860000000000000000e+02,8.568980036800000200e-01,5.743725970032711459e-01,7.824198361717953354e-01
1.870000000000000000e+02,7.940402735699999548e-01,6.079099013199702473e-01,7.820583272999696023e-01
1.880000000000000000e+02,7.332475807499999609e-01,6.359404489990754250e-01,7.821773749556266697e-01
1.890000000000000000e+02,6.751362009200000402e-01,6.587713593068456053e-01,7.826259442554401868e-01
1.900000000000000000e+02,6.273719977799999681e-01,6.767391763731106513e-01,7.832760294354894626e-01
1.910000000000000000e+02,5.904684410999999633e-01,6.907345616916120701e-01,7.840609960061781791e-01
1.920000000000000000e+02,5.622118476599999859e-01,7.016611718413495735e-01,7.849434687566029245e-01
1.930000000000000000e+02,5.387983416999999609e-01,7.102349046000137056e-01,7.858974463648988884e-01
1.940000000000000000e+02,5.176902955700000142e-01,7.168714727940510567e-01,7.868934176058084429e-01
1.950000000000000000e+02,5.002530963700000388e-01,7.217879009097650789e-01,7.878982486545974551e-01
1.960000000000000000e+02,4.868978481399999780e-01,7.252968931809276043e-01,7.888929492701184376e-01
1.970000000000000000e+02,4.770823087600000179e-01,7.277340624964329097e-01,7.898688216723310784e-01
1.980000000000000000e+02,4.698854712400000189e-01,7.293868552990101506e-01,7.908220925386368894e-01
1.990000000000000000e+02,4.644255402999999949e-01,7.304676943972097103e-01,7.917503891277788419e-01
2.000000000000000000e+02,3.644255687299999824e-01,7.311186316256693685e-01,7.926512255921932537e-01
2.010000000000000000e+02,2.644255590099999775e-01,7.258596546648133918e-01,7.914650212932238249e-01
2.020000000000000000e+02,1.644255492599999979e-01,7.128901988969995607e-01,7.900185479843094827e-01
2.030000000000000000e+02,6.442553901000000471e-02,6.923930145169452377e-01,7.881369151387773719e-01
2.040000000000000000e+02,1.000000000000000082e-05,6.645530114724348403e-01,7.856470499190129075e-01
2.050000000000000000e+02,1.000000000000000082e-05,6.323457458329541092e-01,7.824353002947067592e-01
2.060000000000000000e+02,1.000000000000000082e-05,6.009384602585505775e-01,7.785043603886062646e-01
2.070000000000000000e+02,1.000000000000000082e-05,5.703311542337047291e-01,7.738705904932262625e-01
2.080000000000000000e+02,1.000000000000000082e-05,5.405238272178203296e-01,7.685500405615741659e-01
2.090000000000000000e+02,1.000000000000000082e-05,5.115164786397465857e-01,7.625585903459184411e-01
2.100000000000000000e+02,1.000000000000000082e-05,4.833091078963789311e-01,7.559119337337114608e-01
2.110000000000000000e+02,1.000000000000000082e-05,4.559017143498995117e-01,7.486256011285452594e-01
2.120000000000000000e+02,1.000000000000000082e-05,4.292942973246908211e-01,7.407149810800338630e-01
2.130000000000000000e+02,1.000000000000000082e-05,4.034868561038729151e-01,7.321953412537599570e-01
2.140000000000000000e+02,1.000000000000000082e-05,3.784793899254039751e-01,7.230818489203759691e-01
2.150000000000000000e+02,1.000000000000000082e-05,3.542718979776734445e-01,7.133895910900811543e-01
2.160000000000000000e+02,1.000000000000000082e-05,3.308643793945050815e-01,7.031335943848849857e-01
2.170000000000000000e+02,1.000000000000000082e-05,3.082568332494751706e-01,6.923288446650803785e-01
2.180000000000000000e+02,1.000000000000000082e-05,2.864492585493184640e-01,6.809903081002104397e-01
2.190000000000000000e+02,1.000000000000000082e-05,2.654416542264463330e-01,6.691329508589353159e-01
2.200000000000000000e+02,1.000000000000000082e-05,2.452340191304297201e-01,6.567717575174035760e-01
2.210000000000000000e+02,1.000000000000000082e-05,2.258263381496523059e-01,6.439217671885397731e-01
2.220000000000000000e+02,1.000000000000000082e-05,2.072186244001539002e-01,6.305980529491030939e-01
2.230000000000000000e+02,1.000000000000000082e-05,1.894108764413784673e-01,6.168157869803067017e-01
2.240000000000000000e+02,1.000000000000000082e-05,1.724030927002423996e-01,6.025902492046490977e-01
2.250000000000000000e+02,1.000000000000000082e-05,1.561952714519594387e-01,5.879368517472545186e-01
2.260000000000000000e+02,1.000000000000000082e-05,1.407874107969742938e-01,5.728711648530426803e-01
2.270000000000000000e+02,1.000000000000000082e-05,1.261795086329700610e-01,5.574089445071517268e-01
2.280000000000000000e+02,1.000000000000000082e-05,1.123715626249979505e-01,5.415661275821328502e-01
2.290000000000000000e+02,1.000000000000000082e-05,9.936357014977126312e-02,5.253589685016568644e-01
2.300000000000000000e+02,1.000000000000000082e-05,8.715552825536858339e-02,5.088039683224194754e-01
2.310000000000000000e+02,1.000000000000000082e-05,7.574743358907633228e-02,4.919179484822042703e-01
2.320000000000000000e+02,1.000000000000000082e-05,6.513928230974105893e-02,4.747180928130790289e-01
2.330000000000000000e+02,1.000000000000000082e-05,5.533106997253181558e-02,4.572219941330136761e-01
2.340000000000000000e+02,1.000000000000000082e-05,4.632279137430794086e-02,4.394477062894274755e-01
2.350000000000000000e+02,1.000000000000000082e-05,3.811444034116197310e-02,4.214138026949016957e-01
2.360000000000000000e+02,1.000000000000000082e-05,3.070600942827144200e-02,4.031394426372694184e-01
2.370000000000000000e+02,1.000000000000000082e-05,2.409748948152106579e-02,3.846444468333559685e-01
2.380000000000000000e+02,1.000000000000000082e-05,1.828886897063459333e-02,3.659493844971867804e-01
2.390000000000000000e+02,1.000000000000000082e-05,1.328013292200607223e-02,3.470756747064848158e-01
2.400000000000000000e+02,1.000000000000000082e-05,9.071261096144204311e-03,3.280457051824433035e-01
2.410000000000000000e+02,1.000000000000000082e-05,5.662134452700722485e-03,3.088830620191686527e-01
2.420000000000000000e+02,1.000000000000000082e-05,3.052825746389821807e-03,2.896124053788943775e-01
2.430000000000000000e+02,1.025814164000000037e-05,1.243266369129719228e-03,2.702600014910954140e-01
2.440000000000000000e+02,9.997549955300000235e-02,2.333100403256553861e-04,2.508539173535455080e-01
2.450000000000000000e+02,1.999754978699999908e-01,4.975157020874486184e-03,2.344167126481982721e-01
2.460000000000000000e+02,2.999755044099999823e-01,1.456213445443356978e-02,2.217341923218559552e-01
2.470000000000000000e+02,3.999755124900000181e-01,2.896588691102321492e-02,2.126947127536779614e-01
2.480000000000000000e+02,4.999748711800000023e-01,4.818046110032302848e-02,2.071592139370235508e-01
2.490000000000000000e+02,5.999748801399999998e-01,7.220371436485965855e-02,2.049834937052092687e-01
2.500000000000000000e+02,6.999741142099999980e-01,1.010347347182852101e-01,2.060244936185603448e-01
2.510000000000000000e+02,5.999742054300000182e-01,1.346729621276614441e-01,2.101442717697068752e-01
2.520000000000000000e+02,4.999742832899999878e-01,1.599211270193958145e-01,2.144675424309478717e-01
2.530000000000000000e+02,3.999742741199999729e-01,1.773277456198206481e-01,2.184512801519396807e-01
2.540000000000000000e+02,2.999747997900000240e-01,1.873135343361763960e-01,2.216997671613973320e-01
2.550000000000000000e+02,1.999787530200000107e-01,1.902334568395729342e-01,2.238973776262150606e-01
2.560000000000000000e+02,9.997981070200000209e-02,1.864086063800191595e-01,2.247741352450704500e-01
2.570000000000000000e+02,1.000000000000000082e-05,1.761461381771284862e-01,2.240838107201908180e-01
2.580000000000000000e+02,1.054485031699999970e-05,1.597588915244595176e-01,2.215872325031035817e-01
2.590000000000000000e+02,1.000000000000000082e-05,1.441716469284901325e-01,2.184113501855131367e-01
2.600000000000000000e+02,2.442996207100000053e-02,1.293843288439216477e-01,2.145855137224146614e-01
2.610000000000000000e+02,1.231093622300000051e-01,1.170057295978634282e-01,2.104762615991032371e-01
2.620000000000000000e+02,2.224583279200000041e-01,1.118236658629285785e-01,2.072264115487437441e-01
2.630000000000000000e+02,3.055945907500000058e-01,1.134793693352886546e-01,2.052037272765481202e-01
2.640000000000000000e+02,3.244626918999999887e-01,1.205138160308979051e-01,2.045139483865647534e-01
2.650000000000000000e+02,2.989689357699999994e-01,1.283979798324605959e-01,2.044994870724403668e-01
2.660000000000000000e+02,2.597083583900000048e-01,1.341721475753664128e-01,2.045541493473092831e-01
2.670000000000000000e+02,2.271206723900000002e-01,1.370483657343276040e-01,2.043682590417174594e-01
2.680000000000000000e+02,2.109131519100000129e-01,1.376224146703942941e-01,2.038917499212006268e-01
2.690000000000000000e+02,2.092619869700000079e-01,1.370966132655666025e-01,2.032432255364884921e-01
2.700000000000000000e+02,2.155207210700000042e-01,1.364894917555499465e-01,2.025731655723591040e-01
2.710000000000000000e+02,2.231094034699999951e-01,1.363273890691389378e-01,2.019867558058929813e-01
2.720000000000000000e+02,2.280943208300000025e-01,1.366746450215815256e-01,2.015215676356399421e-01
2.730000000000000000e+02,2.295456587999999964e-01,1.373325985310652753e-01,2.011628758755696633e-01
2.740000000000000000e+02,2.284260227200000104e-01,1.380517733538535186e-01,2.008735192034604156e-01
2.750000000000000000e+02,2.262981010300000040e-01,1.386593578144755257e-01,2.006183025115065577e-01
2.760000000000000000e+02,2.244047338300000083e-01,1.390947084852080518e-01,2.003761512918946774e-01
2.770000000000000000e+02,2.233199271599999869e-01,1.393823445314266996e-01,2.001408787690871216e-01
2.780000000000000000e+02,2.230419372299999869e-01,1.395833653072144631e-01,1.999157103337972086e-01
2.790000000000000000e+02,2.232525053699999928e-01,1.397555561868053242e-01,1.997068323987676863e-01
2.800000000000000000e+02,2.236008355899999911e-01,1.399326777559755097e-01,1.995187497580646618e-01
2.810000000000000000e+02,2.302470415100000001e-01,1.404333563245856731e-01,1.990498015527299713e-01
2.820000000000000000e+02,2.362983292099999910e-01,1.413560074684785672e-01,1.987087976978227366e-01
2.830000000000000000e+02,2.386405342000000041e-01,1.426387957866698530e-01,1.985040527798239696e-01
2.840000000000000000e+02,2.372684368000000099e-01,1.440133348876751762e-01,1.984018231832122559e-01
2.850000000000000000e+02,2.337460289000000135e-01,1.452247858507816070e-01,1.983561888338161716e-01
2.860000000000000000e+02,2.298470313100000051e-01,1.461367570316902675e-01,1.983297929011197946e-01
2.870000000000000000e+02,2.267818672899999943e-01,1.467392902998153614e-01,1.983020664798434141e-01
2.880000000000000000e+02,2.249832240100000103e-01,1.471044458082549078e-01,1.982678489309099013e-01
2.890000000000000000e+02,2.240718336199999938e-01,1.473297354294735850e-01,1.982311726541281793e-01
2.900000000000000000e+02,2.240385211400000021e-01,1.474821134071985784e-01,1.981960969927026028e-01
2.910000000000000000e+02,2.243558453099999961e-01,1.476245111451932879e-01,1.981697145931948234e-01
2.920000000000000000e+02,2.246353856699999929e-01,1.477810897630365272e-01,1.981554505182989145e-01
2.930000000000000000e+02,2.247026072099999883e-01,1.479485856644887909e-01,1.981530075788518752e-01
2.940000000000000000e+02,2.245617156899999967e-01,1.481121285213653216e-01,1.981597959916744922e-01
2.950000000000000000e+02,2.243070235999999884e-01,1.482578846406220341e-01,1.981726553400774693e-01
2.960000000000000000e+02,2.240436751500000101e-01,1.483790881758855484e-01,1.981890265039699395e-01
2.970000000000000000e+02,2.238412585600000060e-01,1.484763957095277254e-01,1.982074398118667813e-01
2.980000000000000000e+02,2.237529880000000138e-01,1.485551274995255966e-01,1.982273709744155066e-01
2.990000000000000000e+02,2.237035509599999972e-01,1.486239236590492507e-01,1.982492356016636037e-01
3.000000000000000000e+02,3.237035609800000269e-01,1.486859068675983053e-01,1.982729337090296806e-01
3.010000000000000000e+02,4.237035709699999986e-01,1.545059295260881871e-01,2.004891278958171597e-01
3.020000000000000000e+02,5.237035809500000250e-01,1.664843297642530362e-01,2.044108792673619002e-01
3.030000000000000000e+02,6.237035818099999629e-01,1.843439562819791933e-01,2.102367477652087591e-01
3.040000000000000000e+02,7.237035900899999596e-01,2.078531054547692325e-01,2.181150909741796928e-01
3.050000000000000000e+02,8.237035854099999943e-01,2.368241823355988762e-01,2.281488030498635411e-01
3.060000000000000000e+02,9.237035882699999867e-01,2.711081936194082442e-01,2.404037390247771855e-01
3.070000000000000000e+02,9.999999861899999676e-01,3.105878896014970247e-01,2.549177861945143841e-01
3.080000000000000000e+02,9.999999983199999720e-01,3.536310523672674955e-01,2.713594169662605360e-01
3.090000000000000000e+02,9.999997010300000211e-01,3.952489204595029393e-01,2.885797603231552988e-01
3.100000000000000000e+02,9.999999848599999686e-01,4.355624320557556217e-01,3.064508819604957468e-01
3.110000000000000000e+02,9.598431386400000376e-01,4.746717225805529572e-01,3.248704099013464131e-01
3.120000000000000000e+02,8.598431573100000502e-01,5.100444016092454680e-01,3.431692085660195679e-01
3.130000000000000000e+02,7.598431471500000089e-01,5.379201867150081862e-01,3.603581334694085925e-01
3.140000000000000000e+02,6.598431372699999908e-01,5.585243993570445653e-01,3.762664312256078780e-01
3.150000000000000000e+02,5.598431275699999876e-01,5.720617394892707486e-01,3.907454672132954498e-01
3.160000000000000000e+02,4.598431181200000051e-01,5.787224125955257037e-01,4.036622606247409206e-01
3.170000000000000000e+02,3.598431081599999803e-01,5.786867123387414713e-01,4.148947246901514840e-01
3.180000000000000000e+02,2.598430982300000136e-01,5.721287297642957403e-01,4.243281064717121520e-01
3.190000000000000000e+02,1.598432742500000003e-01,5.592194734411116697e-01,4.318519869834251956e-01
3.200000000000000000e+02,5.984327330099999814e-02,5.401298354957143610e-01,4.373575693255004060e-01
3.210000000000000000e+02,1.098656576500000020e-05,5.156496536395190899e-01,4.401282346377369814e-01
3.220000000000000000e+02,1.337851761299999931e-05,4.873269827862663495e-01,4.418862814990681676e-01
3.230000000000000000e+02,4.623178444300000273e-02,4.598044682567895003e-01,4.428041619075056556e-01
3.240000000000000000e+02,1.462270152700000103e-01,4.365665750168690185e-01,4.431167099615470062e-01
3.250000000000000000e+02,2.462263762399999889e-01,4.215582347438356914e-01,4.431940776172634822e-01
3.260000000000000000e+02,3.462263814400000084e-01,4.145407923686995066e-01,4.432786771026707706e-01
3.270000000000000000e+02,4.461928039599999951e-01,4.152734209951290945e-01,4.436075771283052860e-01
3.280000000000000000e+02,5.461785178600000457e-01,4.235173545894854175e-01,4.444061191659254284e-01
3.290000000000000000e+02,6.461651328199999877e-01,4.390487091825151511e-01,4.458824751449605439e-01
3.300000000000000000e+02,7.114826032700000136e-01,4.616577994883146463e-01,4.482233101098854755e-01
3.310000000000000000e+02,6.684100645799999629e-01,4.885382839705202929e-01,4.514354273490032710e-01
3.320000000000000000e+02,5.851132519399999676e-01,5.114097315502429408e-01,4.551079603130276929e-01
3.330000000000000000e+02,4.985445989300000269e-01,5.273624890977761659e-01,4.589239226043747011e-01
3.340000000000000000e+02,4.183133535199999864e-01,5.363461409949690228e-01,4.626713640357215107e-01
3.350000000000000000e+02,3.586000862500000053e-01,5.390301927234156798e-01,4.661926377673606403e-01
3.360000000000000000e+02,3.201618944199999817e-01,5.371336815441924983e-01,4.694183011354141066e-01
3.370000000000000000e+02,3.006783943999999931e-01,5.323862671503416522e-01,4.723300484019994916e-01
3.380000000000000000e+02,2.949665013400000202e-01,5.262963879517470467e-01,4.749450837794437219e-01
3.390000000000000000e+02,2.978043867499999831e-01,5.199409439533929644e-01,4.772966585752110857e-01
3.400000000000000000e+02,3.047551047700000071e-01,5.139735500564742710e-01,4.794224432686766124e-01
3.410000000000000000e+02,2.649124278700000223e-01,5.063975314431891084e-01,4.836213726836472993e-01
3.420000000000000000e+02,2.240213554200000123e-01,4.963251723282597339e-01,4.870198342656644752e-01
3.430000000000000000e+02,2.038441212200000074e-01,4.837576857887821435e-01,4.895569420021665952e-01
3.440000000000000000e+02,2.063440555799999909e-01,4.701764055596161507e-01,4.914305768933566188e-01
3.450000000000000000e+02,2.223897449599999965e-01,4.571552369849272712e-01,4.928965056380696375e-01
3.460000000000000000e+02,2.432877417700000100e-01,4.456026276834938460e-01,4.941390581699008910e-01
3.470000000000000000e+02,2.614676757100000137e-01,4.358091276327156760e-01,4.952608327789853604e-01
3.480000000000000000e+02,2.751469460100000042e-01,4.275413625834558751e-01,4.962809434612120985e-01
3.490000000000000000e+02,2.845798148800000038e-01,4.204506530363489314e-01,4.971910305159779608e-01
3.500000000000000000e+02,2.912830326699999972e-01,4.142151566167098231e-01,4.979765550099982674e-01
3.510000000000000000e+02,2.967216894699999941e-01,4.086250898774270723e-01,4.986325340013886831e-01
3.520000000000000000e+02,3.018361745800000051e-01,4.035760474282726884e-01,4.991657865885416046e-01
3.530000000000000000e+02,3.069956721500000096e-01,3.990303028140640973e-01,4.995913724081640916e-01
3.540000000000000000e+02,3.121395189799999748e-01,3.949760690139790253e-01,4.999274731535694460e-01
3.550000000000000000e+02,3.170462102700000173e-01,3.913975775860815687e-01,5.001909005405789088e-01
3.560000000000000000e+02,3.215225780500000075e-01,3.882643291865680024e-01,5.003950466861114554e-01
3.570000000000000000e+02,3.254774587200000013e-01,3.855335141523477671e-01,5.005498287370534483e-01
3.580000000000000000e+02,3.289150278599999866e-01,3.831573541707194996e-01,5.006625946968537022e-01
3.590000000000000000e+02,3.319001580500000048e-01,3.810897588753454635e-01,5.007391520453671196e-01
3.600000000000000000e+02,3.345156219600000091e-01,3.792904163665983819e-01,5.007845660577796565e-01
3.610000000000000000e+02,3.622973358000000088e-01,3.789510501256277974e-01,4.995955701813337702e-01
3.620000000000000000e+02,3.912293910199999836e-01,3.806074300825293411e-01,4.986635156695329862e-01
3.630000000000000000e+02,4.096797414200000209e-01,3.842781601352447396e-01,4.980536498523096545e-01
3.640000000000000000e+02,4.150218056500000197e-01,3.891507487879384830e-01,4.977312372351773151e-01
3.650000000000000000e+02,4.100985500000000061e-01,3.942513597242853773e-01,4.976143947178539584e-01
3.660000000000000000e+02,3.997153886200000006e-01,3.988401848728304055e-01,4.976170454065543258e-01
3.670000000000000000e+02,3.882348900900000066e-01,4.025437988227358876e-01,4.976733436755727547e-01
3.680000000000000000e+02,3.784192926000000123e-01,4.053118372251236501e-01,4.977448898494972740e-01
3.690000000000000000e+02,3.713442432199999810e-01,4.072926021609683533e-01,4.978163726140286127e-01
3.700000000000000000e+02,3.668767202400000094e-01,4.087064805129129175e-01,4.978866851135919092e-01
3.710000000000000000e+02,3.643057430700000210e-01,4.097574329780447888e-01,4.979604532771018666e-01
3.720000000000000000e+02,3.628252341900000122e-01,4.105922561488996592e-01,4.980424504124623120e-01
3.730000000000000000e+02,3.619575740900000116e-01,4.112955800093253123e-01,4.981350239518789746e-01
3.740000000000000000e+02,3.608846740600000214e-01,4.119152763260857664e-01,4.982390218083350697e-01
3.750000000000000000e+02,3.598212686799999727e-01,4.124392521688041713e-01,4.983498593472228677e-01
3.760000000000000000e+02,3.587601868599999966e-01,4.128711417137375106e-01,4.984645054700060363e-01
3.770000000000000000e+02,3.577469483399999817e-01,4.132139346081000197e-01,4.985800946836576597e-01
3.780000000000000000e+02,3.568329560699999847e-01,4.134737852318578488e-01,4.986943076988998302e-01
3.790000000000000000e+02,3.560509981300000182e-01,4.136603319164033343e-01,4.988055095401214833e-01
3.800000000000000000e+02,3.554094591599999964e-01,4.137852607964082052e-01,4.989126780784142734e-01
3.810000000000000000e+02,2.700259886799999953e-01,4.097736529476116440e-01,5.030445551136669691e-01
3.820000000000000000e+02,2.007375954600000012e-01,4.007636570883795768e-01,5.052544227228946694e-01
3.830000000000000000e+02,1.839081201899999962e-01,3.878785190895658319e-01,5.057579776270437755e-01
3.840000000000000000e+02,2.071362748399999953e-01,3.743915906959958684e-01,5.055133103104806347e-01
3.850000000000000000e+02,2.414775625399999959e-01,3.627305844118052791e-01,5.053074328660887016e-01
3.860000000000000000e+02,2.662874595599999950e-01,3.535082614842621762e-01,5.054117640643762677e-01
3.870000000000000000e+02,2.777317782200000029e-01,3.460773845817614602e-01,5.057039873127192608e-01
3.880000000000000000e+02,2.809621004999999783e-01,3.395804169536622008e-01,5.059700682476502287e-01
3.890000000000000000e+02,2.827260284199999973e-01,3.334961130639760296e-01,5.060767110830127757e-01
3.900000000000000000e+02,2.866888188799999737e-01,3.277245404083682923e-01,5.060111920329365409e-01
3.910000000000000000e+02,2.929977744000000217e-01,3.223883870112247974e-01,5.058307747916808150e-01
3.920000000000000000e+02,3.004160349100000182e-01,3.176146117958988935e-01,5.055985457540570494e-01
3.930000000000000000e+02,3.067827887799999820e-01,3.134513219588872524e-01,5.053560193525997724e-01
3.940000000000000000e+02,3.118436514899999845e-01,3.098151937612244611e-01,5.051026910642943957e-01
3.950000000000000000e+02,3.157341698600000246e-01,3.066102717030320113e-01,5.048304578023891098e-01
3.960000000000000000e+02,3.195865745300000005e-01,3.037518550983487886e-01,5.045310367644911809e-01
3.970000000000000000e+02,3.230555079999999912e-01,3.012258204126636030e-01,5.042161047029819487e-01
3.980000000000000000e+02,3.263111839999999764e-01,2.989977322448068020e-01,5.038897975834847331e-01
3.990000000000000000e+02,3.293259939000000025e-01,2.970444484144419417e-01,5.035584291338636165e-01
4.000000000000000000e+02,0.000000000000000000e+00,2.953419051195697587e-01,5.032268685616074766e-01
